[1. 1. 1. 1. 1. 1. 1. 1. 1. 1. 1. 1. 1. 1. 1. 1. 1. 1. 1.]
[ 0.00780416  0.14495194  0.12108765  0.0164298  -0.22566335  0.05610778
 -0.2489526  -0.25930338 -0.04739998 -0.16413374 -0.36022345  0.15300255
 -0.14400723 -0.04107451 -0.18598538 -0.20841206 -0.08449027  0.25737287
 -0.19489855]
[ 0.23214286  0.23214286 -0.01785714  0.23214286 -0.26785714  0.23214286
 -0.01785714 -0.01785714  0.23214286 -0.01785714 -0.26785714 -0.01785714
 -0.01785714  0.23214286 -0.01785714 -0.01785714  0.23214286  0.23214286
 -0.01785714]
[-0.01889481  0.27355425  0.21506745 -0.12832877 -0.10398915  0.17902972
 -0.23606462 -0.21795142 -0.21700991 -0.07568726 -0.33040425 -0.10398915
 -0.21153632 -0.17946085  0.20657689 -0.26983821 -0.13040425  0.34884104
 -0.2943684 ]
