[1. 1. 1. 1. 1. 1. 1. 1. 1. 1. 1. 1. 1. 1. 1. 1. 1. 1. 1. 1. 1. 1. 1. 1.
 1. 1. 1. 1.]
[-2.49815165e-01 -2.88918097e-01 -3.01486897e-02 -1.86478272e-02
  2.96763329e-01  8.48599359e-02 -3.44615132e-02 -6.17760618e-02
  5.13267066e-01 -9.71412142e-02  2.73556231e-02 -1.92023330e-01
  1.32876037e-01 -1.98061283e-01 -1.45157315e-01 -3.17670254e-01
 -7.64396615e-02 -2.46447055e-04  6.82329746e-01 -2.40614475e-01
 -6.23511049e-02 -7.27018812e-02 -1.75634601e-01  3.82814425e-02
 -1.26755935e-01 -2.60165941e-01  2.66286043e-01  6.06711575e-01]
[-0.01785714 -0.01785714 -0.01785714  0.23214286 -0.01785714 -0.01785714
  0.23214286 -0.01785714 -0.01785714 -0.01785714 -0.01785714 -0.01785714
  0.23214286 -0.26785714 -0.01785714 -0.51785714 -0.26785714 -0.01785714
  0.48214286 -0.01785714 -0.26785714  0.23214286 -0.01785714 -0.01785714
 -0.26785714 -0.01785714  0.23214286  0.23214286]
[-0.2926684  -0.19832877 -0.01512123 -0.07568726  0.42431274  0.02638821
 -0.10398915 -0.04719858  0.41299198 -0.1926684   0.22638821 -0.19832877
 -0.07738538 -0.23210236 -0.04738538 -0.34927217 -0.00964953  0.08469009
  0.65072783 -0.17946085 -0.18870613 -0.10398915 -0.21229104 -0.04738538
  0.02544481 -0.10568726  0.46035047  0.36601085]
